25719
25719
25719
25719
33766
25719
25719
25719
10206
10786
25719
59421
25719
25719
25719
25719
25719
16377
25719
25719
25719
36736
48144
25719
36736
25719
25719
59421
16677
25719
55544
25719
33766
1278
25719
25719
33766
59421
17657
25719
25719
25719
25719
25719
25719
25719
25719
47649
25719
25719
25719
33766
33766
25719
25719
25719
25719
25719
25719
25719
25719
10206
25719
25719
25719
29049
25719
26227
21812
46105
25719
25719
25719
25719
25719
25719
25719
25719
25719
25719
25719
25719
8602
25719
25719
39354
25719
25719
25719
25719
25719
25719
40478
25719
33766
25719
33766
25719
39614
29049
